#VRML V2.0 utf8
#model HDR2x_SMD
DEF body Transform {
  children [
    Shape {
      appearance Appearance {
        material Material {
          diffuseColor 0.2 0.2 0.3
          specularColor 0.2 0.2 0.3
          emissiveColor 0.0 0.0 0.0
          ambientIntensity 0.9
          transparency 0.0
          shininess 1.0
        }
      }
      geometry IndexedFaceSet {
        normalPerVertex TRUE
        coord Coordinate { point [
          2.54   5.08   0.8,
          -2.54 5.08   0.8,
          -2.54 -5.08 0.8,
          2.54   -5.08 0.8,
          2.54   5.08   1.8,
          -2.54 5.08   1.8,
          -2.54 -5.08 1.8,
          2.54   -5.08 1.8 ] }
        coordIndex [
          3, 2, 1, 0, -1,
          4, 5, 6, 7, -1,
          0, 4, 7, 3, -1,
          1, 5, 4, 0, -1,
          2, 6, 5, 1, -1,
          3, 7, 6, 2, -1 ]
      }
    }
  ]
}
DEF pins Transform {
  children [
    Shape {
      appearance Appearance {
        material DEF metal Material {
          diffuseColor 0.9 0.7 0.5
          specularColor 0.9 0.7 0.5
          emissiveColor 0.0 0.0 0.0
          ambientIntensity 0.9
          transparency 0.0
          shininess 0.9
        }
      }
      geometry IndexedFaceSet {
        normalPerVertex TRUE
        coord Coordinate { point [
          -0.87     -3.41 0.0,
          -3.67     -3.41 0.0,
          -3.67     -4.21 0.0,
          -0.87     -4.21 0.0,
          -0.87     -3.41 0.8,
          -3.67     -3.41 0.8,
          -3.67     -4.21 0.8,
          -0.87     -4.21 0.8,
          -0.87 -3.41 1.8,
          -1.67 -3.41 1.8,
          -1.67 -4.21 1.8,
          -0.87 -4.21 1.8,
          -0.87 -3.41 6,
          -1.67 -3.41 6,
          -1.67 -4.21 6,
          -0.87 -4.21 6 ] }
        coordIndex [
          3, 2, 1, 0, -1,
          4, 5, 6, 7, -1,
          0, 4, 7, 3, -1,
          1, 5, 4, 0, -1,
          2, 6, 5, 1, -1,
          3, 7, 6, 2, -1,
          11, 10, 9, 8, -1,
          12, 13, 14, 15, -1,
          8, 12, 15, 11, -1,
          9, 13, 12, 8, -1,
          10, 14, 13, 9, -1,
          11, 15, 14, 10, -1 ]
      }
    }
    Shape {
      appearance Appearance {
	    material USE metal
	  }
      geometry IndexedFaceSet {
        normalPerVertex TRUE
        coord Coordinate { point [
          3.67     -3.41 0.0,
          0.87     -3.41 0.0,
          0.87     -4.21 0.0,
          3.67     -4.21 0.0,
          3.67     -3.41 0.8,
          0.87     -3.41 0.8,
          0.87     -4.21 0.8,
          3.67     -4.21 0.8,
          1.67 -3.41 1.8,
          0.87 -3.41 1.8,
          0.87 -4.21 1.8,
          1.67 -4.21 1.8,
          1.67 -3.41 6,
          0.87 -3.41 6,
          0.87 -4.21 6,
          1.67 -4.21 6 ] }
        coordIndex [
          3, 2, 1, 0, -1,
          4, 5, 6, 7, -1,
          0, 4, 7, 3, -1,
          1, 5, 4, 0, -1,
          2, 6, 5, 1, -1,
          3, 7, 6, 2, -1,
          11, 10, 9, 8, -1,
          12, 13, 14, 15, -1,
          8, 12, 15, 11, -1,
          9, 13, 12, 8, -1,
          10, 14, 13, 9, -1,
          11, 15, 14, 10, -1 ]
      }
    }
    Shape {
      appearance Appearance {
	    material USE metal
	  }
      geometry IndexedFaceSet {
        normalPerVertex TRUE
        coord Coordinate { point [
          -0.87     -0.87 0.0,
          -3.67     -0.87 0.0,
          -3.67     -1.67 0.0,
          -0.87     -1.67 0.0,
          -0.87     -0.87 0.8,
          -3.67     -0.87 0.8,
          -3.67     -1.67 0.8,
          -0.87     -1.67 0.8,
          -0.87 -0.87 1.8,
          -1.67 -0.87 1.8,
          -1.67 -1.67 1.8,
          -0.87 -1.67 1.8,
          -0.87 -0.87 6,
          -1.67 -0.87 6,
          -1.67 -1.67 6,
          -0.87 -1.67 6 ] }
        coordIndex [
          3, 2, 1, 0, -1,
          4, 5, 6, 7, -1,
          0, 4, 7, 3, -1,
          1, 5, 4, 0, -1,
          2, 6, 5, 1, -1,
          3, 7, 6, 2, -1,
          11, 10, 9, 8, -1,
          12, 13, 14, 15, -1,
          8, 12, 15, 11, -1,
          9, 13, 12, 8, -1,
          10, 14, 13, 9, -1,
          11, 15, 14, 10, -1 ]
      }
    }
    Shape {
      appearance Appearance {
	    material USE metal
	  }
      geometry IndexedFaceSet {
        normalPerVertex TRUE
        coord Coordinate { point [
          3.67     -0.87 0.0,
          0.87     -0.87 0.0,
          0.87     -1.67 0.0,
          3.67     -1.67 0.0,
          3.67     -0.87 0.8,
          0.87     -0.87 0.8,
          0.87     -1.67 0.8,
          3.67     -1.67 0.8,
          1.67 -0.87 1.8,
          0.87 -0.87 1.8,
          0.87 -1.67 1.8,
          1.67 -1.67 1.8,
          1.67 -0.87 6,
          0.87 -0.87 6,
          0.87 -1.67 6,
          1.67 -1.67 6 ] }
        coordIndex [
          3, 2, 1, 0, -1,
          4, 5, 6, 7, -1,
          0, 4, 7, 3, -1,
          1, 5, 4, 0, -1,
          2, 6, 5, 1, -1,
          3, 7, 6, 2, -1,
          11, 10, 9, 8, -1,
          12, 13, 14, 15, -1,
          8, 12, 15, 11, -1,
          9, 13, 12, 8, -1,
          10, 14, 13, 9, -1,
          11, 15, 14, 10, -1 ]
      }
    }
    Shape {
      appearance Appearance {
	    material USE metal
	  }
      geometry IndexedFaceSet {
        normalPerVertex TRUE
        coord Coordinate { point [
          -0.87     1.67 0.0,
          -3.67     1.67 0.0,
          -3.67     0.87 0.0,
          -0.87     0.87 0.0,
          -0.87     1.67 0.8,
          -3.67     1.67 0.8,
          -3.67     0.87 0.8,
          -0.87     0.87 0.8,
          -0.87 1.67 1.8,
          -1.67 1.67 1.8,
          -1.67 0.87 1.8,
          -0.87 0.87 1.8,
          -0.87 1.67 6,
          -1.67 1.67 6,
          -1.67 0.87 6,
          -0.87 0.87 6 ] }
        coordIndex [
          3, 2, 1, 0, -1,
          4, 5, 6, 7, -1,
          0, 4, 7, 3, -1,
          1, 5, 4, 0, -1,
          2, 6, 5, 1, -1,
          3, 7, 6, 2, -1,
          11, 10, 9, 8, -1,
          12, 13, 14, 15, -1,
          8, 12, 15, 11, -1,
          9, 13, 12, 8, -1,
          10, 14, 13, 9, -1,
          11, 15, 14, 10, -1 ]
      }
    }
    Shape {
      appearance Appearance {
	    material USE metal
	  }
      geometry IndexedFaceSet {
        normalPerVertex TRUE
        coord Coordinate { point [
          3.67     1.67 0.0,
          0.87     1.67 0.0,
          0.87     0.87 0.0,
          3.67     0.87 0.0,
          3.67     1.67 0.8,
          0.87     1.67 0.8,
          0.87     0.87 0.8,
          3.67     0.87 0.8,
          1.67 1.67 1.8,
          0.87 1.67 1.8,
          0.87 0.87 1.8,
          1.67 0.87 1.8,
          1.67 1.67 6,
          0.87 1.67 6,
          0.87 0.87 6,
          1.67 0.87 6 ] }
        coordIndex [
          3, 2, 1, 0, -1,
          4, 5, 6, 7, -1,
          0, 4, 7, 3, -1,
          1, 5, 4, 0, -1,
          2, 6, 5, 1, -1,
          3, 7, 6, 2, -1,
          11, 10, 9, 8, -1,
          12, 13, 14, 15, -1,
          8, 12, 15, 11, -1,
          9, 13, 12, 8, -1,
          10, 14, 13, 9, -1,
          11, 15, 14, 10, -1 ]
      }
    }
    Shape {
      appearance Appearance {
	    material USE metal
	  }
      geometry IndexedFaceSet {
        normalPerVertex TRUE
        coord Coordinate { point [
          -0.87     4.21 0.0,
          -3.67     4.21 0.0,
          -3.67     3.41 0.0,
          -0.87     3.41 0.0,
          -0.87     4.21 0.8,
          -3.67     4.21 0.8,
          -3.67     3.41 0.8,
          -0.87     3.41 0.8,
          -0.87 4.21 1.8,
          -1.67 4.21 1.8,
          -1.67 3.41 1.8,
          -0.87 3.41 1.8,
          -0.87 4.21 6,
          -1.67 4.21 6,
          -1.67 3.41 6,
          -0.87 3.41 6 ] }
        coordIndex [
          3, 2, 1, 0, -1,
          4, 5, 6, 7, -1,
          0, 4, 7, 3, -1,
          1, 5, 4, 0, -1,
          2, 6, 5, 1, -1,
          3, 7, 6, 2, -1,
          11, 10, 9, 8, -1,
          12, 13, 14, 15, -1,
          8, 12, 15, 11, -1,
          9, 13, 12, 8, -1,
          10, 14, 13, 9, -1,
          11, 15, 14, 10, -1 ]
      }
    }
    Shape {
      appearance Appearance {
	    material USE metal
	  }
      geometry IndexedFaceSet {
        normalPerVertex TRUE
        coord Coordinate { point [
          3.67     4.21 0.0,
          0.87     4.21 0.0,
          0.87     3.41 0.0,
          3.67     3.41 0.0,
          3.67     4.21 0.8,
          0.87     4.21 0.8,
          0.87     3.41 0.8,
          3.67     3.41 0.8,
          1.67 4.21 1.8,
          0.87 4.21 1.8,
          0.87 3.41 1.8,
          1.67 3.41 1.8,
          1.67 4.21 6,
          0.87 4.21 6,
          0.87 3.41 6,
          1.67 3.41 6 ] }
        coordIndex [
          3, 2, 1, 0, -1,
          4, 5, 6, 7, -1,
          0, 4, 7, 3, -1,
          1, 5, 4, 0, -1,
          2, 6, 5, 1, -1,
          3, 7, 6, 2, -1,
          11, 10, 9, 8, -1,
          12, 13, 14, 15, -1,
          8, 12, 15, 11, -1,
          9, 13, 12, 8, -1,
          10, 14, 13, 9, -1,
          11, 15, 14, 10, -1 ]
      }
    }
  ]
}
